9.999999775612224973e-01 -2.067541428165838556e-04 -4.615492575406221379e-05 -1.920124874087762127e-05
2.066846460458213609e-04 9.999988526066466710e-01 -1.500688791928450356e-03 2.551187440993890244e-05
4.646514642052363775e-05 1.500679218740206275e-03 9.999988729008011390e-01 -8.285628067658414150e-06
0.000000000000000000e+00 0.000000000000000000e+00 0.000000000000000000e+00 1.000000000000000000e+00
