0.927976433 -0.005589056 0.372596970 -0.000283530
0.015676852 0.999587829 -0.024050108 -0.000008865
-0.372308979 0.028159081 0.927681567 0.000216362
0.000000000 0.000000000 0.000000000 1.000000000
